Rank	Country	Cost of Living Index	Rent Index	Cost of Living Plus Rent Index	Groceries Index	Restaurant Price Index	Local Purchasing Power Index
1 	India 	24.02 	6.99 	16.07 	23.56 	16.42 	83.16
2 	Pakistan 	26.33 	5.22 	16.47 	23.76 	20.64 	42.32
3 	Moldova 	26.90 	7.60 	17.89 	20.25 	19.13 	30.09
4 	Ukraine 	26.95 	10.15 	19.11 	20.39 	21.13 	27.50
5 	Kazakhstan 	27.98 	11.23 	20.16 	22.04 	29.30 	48.15
6 	Nepal 	28.00 	3.30 	16.46 	23.97 	15.47 	28.29
7 	Tunisia 	28.97 	6.72 	18.58 	27.03 	18.70 	42.47
8 	Azerbaijan 	29.10 	11.53 	20.90 	23.59 	29.94 	36.69
9 	Syria 	29.82 	7.74 	19.51 	26.52 	24.57 	17.81
10 	Algeria 	30.08 	7.95 	19.75 	29.97 	20.88 	42.24
11 	Georgia 	31.60 	10.96 	21.96 	25.62 	31.59 	33.49
12 	Macedonia 	32.04 	6.46 	20.09 	25.64 	22.38 	42.80
13 	Sri Lanka 	32.12 	8.26 	20.98 	35.00 	19.07 	30.44
14 	Mozambique 	32.22 	18.44 	25.79 	26.90 	31.23 	49.84
15 	Colombia 	32.40 	11.04 	22.42 	26.33 	23.88 	40.77
16 	Egypt 	32.62 	8.14 	21.19 	28.88 	28.14 	37.14
17 	Nigeria 	32.71 	16.93 	25.34 	29.86 	22.98 	35.13
18 	Mexico 	33.07 	10.11 	22.35 	30.42 	28.98 	66.91
19 	Albania 	33.41 	7.42 	21.28 	26.22 	28.48 	39.52
20 	Armenia 	33.85 	11.07 	23.21 	25.77 	31.19 	30.43
21 	Belarus 	34.40 	12.71 	24.27 	27.37 	40.16 	38.61
22 	Serbia 	34.55 	7.67 	22.00 	24.91 	28.82 	44.83
23 	Uganda 	34.60 	7.30 	21.85 	28.50 	20.75 	20.17
24 	Bangladesh 	34.94 	5.76 	21.31 	30.50 	22.93 	41.26
25 	Bosnia And Herzegovina 	35.13 	6.32 	21.68 	29.14 	25.18 	56.20
26 	Philippines 	35.27 	7.78 	22.43 	33.59 	20.51 	38.41
27 	Russia 	35.63 	16.74 	26.81 	28.20 	39.39 	52.60
28 	Morocco 	35.66 	11.26 	24.27 	30.56 	24.72 	43.20
29 	Romania 	35.73 	9.75 	23.60 	28.46 	30.33 	57.12
30 	Bulgaria 	37.00 	9.53 	24.18 	30.23 	30.80 	54.29
31 	Bolivia 	37.60 	10.82 	25.09 	29.42 	28.32 	51.11
32 	Botswana 	37.72 	10.50 	25.01 	31.21 	31.66 	64.46
33 	South Africa 	37.76 	15.41 	27.32 	30.76 	35.78 	111.44
34 	Kenya 	38.10 	12.03 	25.93 	34.31 	29.45 	33.07
35 	Iran 	38.21 	16.28 	27.97 	32.33 	35.44 	46.70
36 	Peru 	38.36 	15.74 	27.80 	33.62 	26.66 	48.23
37 	Poland 	38.39 	14.79 	27.37 	29.39 	32.67 	75.34
38 	Indonesia 	38.41 	10.68 	25.46 	42.05 	19.29 	33.75
39 	Vietnam 	39.11 	16.34 	28.48 	37.76 	20.47 	24.06
40 	Uzbekistan 	39.80 	12.51 	27.06 	34.85 	29.51 	24.74
41 	Montenegro 	40.28 	10.52 	26.38 	31.25 	37.04 	49.72
42 	Venezuela 	40.34 	7.30 	24.91 	35.96 	43.42 	2.91
43 	Namibia 	40.66 	18.89 	30.50 	35.35 	38.83 	51.84
44 	Libya 	41.27 	16.06 	29.50 	40.28 	31.73 	54.93
45 	Czech Republic 	41.60 	15.62 	29.47 	35.03 	29.23 	82.75
46 	Thailand 	41.98 	16.10 	29.90 	44.72 	21.79 	37.17
47 	Malaysia 	42.24 	12.83 	28.51 	42.93 	22.27 	83.06
48 	Hungary 	42.27 	12.61 	28.42 	32.58 	33.32 	50.74
49 	Guatemala 	42.40 	12.30 	28.35 	40.41 	30.19 	54.52
50 	El Salvador 	42.89 	9.11 	27.12 	36.57 	32.70 	34.71
51 	Zambia 	43.11 	19.11 	31.90 	35.15 	30.95 	124.40
52 	Ethiopia 	43.41 	23.06 	33.91 	33.76 	23.75 	19.02
53 	Ecuador 	43.98 	12.89 	29.46 	41.54 	30.26 	42.20
54 	Cambodia 	44.99 	15.42 	31.18 	47.26 	21.88 	16.11
55 	China 	45.71 	22.32 	34.79 	48.36 	29.52 	68.42
56 	Slovakia 	45.75 	17.38 	32.50 	39.41 	34.76 	67.63
57 	Saudi Arabia 	46.30 	14.65 	31.52 	38.62 	28.83 	161.43
58 	Iraq 	46.38 	16.89 	32.61 	37.90 	44.78 	62.53
59 	Turkey 	46.68 	12.50 	30.72 	39.15 	33.93 	59.85
60 	Lithuania 	46.94 	13.06 	31.12 	36.03 	40.74 	57.75
61 	Honduras 	47.19 	10.42 	30.02 	39.86 	33.86 	56.22
62 	Chile 	47.86 	15.75 	32.87 	40.83 	40.98 	70.01
63 	Latvia 	47.98 	12.83 	31.57 	35.70 	42.30 	56.59
64 	Tanzania 	48.42 	24.72 	37.36 	40.13 	33.96 	56.68
65 	Oman 	49.04 	28.29 	39.35 	45.98 	46.25 	130.97
66 	Mauritius 	49.07 	13.77 	32.59 	42.43 	36.76 	57.66
67 	Brazil 	49.13 	15.82 	33.58 	37.03 	41.15 	46.89
68 	Croatia 	49.39 	11.04 	31.48 	39.91 	39.76 	63.93
69 	Dominican Republic 	49.74 	12.20 	32.21 	42.72 	40.81 	31.54
70 	Portugal 	49.82 	16.96 	34.48 	38.86 	42.90 	68.38
71 	Fiji 	49.92 	24.16 	37.89 	53.45 	36.55 	34.92
72 	Estonia 	50.52 	15.09 	33.98 	37.13 	48.90 	72.33
73 	Panama 	51.92 	32.82 	43.00 	51.26 	42.55 	41.65
74 	Palestinian Territory 	52.39 	10.80 	32.97 	48.00 	40.55 	54.06
75 	Bahrain 	53.01 	35.03 	44.61 	48.53 	50.10 	91.53
76 	Zimbabwe 	53.27 	14.57 	35.20 	44.89 	42.92 	30.79
77 	Trinidad And Tobago 	53.33 	22.12 	38.76 	49.52 	51.99 	61.78
78 	Slovenia 	54.06 	15.76 	36.18 	43.47 	45.40 	83.35
79 	Brunei 	54.48 	23.14 	39.84 	53.28 	36.56 	74.13
80 	Jamaica 	55.30 	12.92 	35.51 	52.38 	38.59 	41.19
81 	Argentina 	55.31 	15.46 	36.71 	44.55 	56.23 	61.29
82 	Jordan 	55.51 	12.68 	35.52 	45.36 	56.15 	46.50
83 	Greece 	55.64 	10.66 	34.64 	43.82 	57.33 	67.32
84 	Costa Rica 	56.12 	18.22 	38.42 	53.17 	45.87 	59.74
85 	Ghana 	56.25 	45.01 	51.00 	53.19 	43.28 	16.92
86 	Cyprus 	56.81 	14.51 	37.06 	45.95 	61.43 	86.43
87 	Spain 	57.01 	20.71 	40.06 	45.27 	57.87 	94.80
88 	Taiwan 	57.36 	16.10 	38.10 	65.00 	27.52 	113.24
89 	Uruguay 	57.87 	16.61 	38.61 	46.96 	52.49 	41.68
90 	Belize 	58.44 	11.99 	36.75 	48.91 	34.16 	146.97
91 	Lebanon 	60.13 	34.15 	48.00 	44.39 	59.57 	59.24
92 	Malta 	62.12 	22.93 	43.82 	50.48 	69.33 	73.92
93 	Macao 	63.70 	44.08 	54.54 	53.83 	47.69 	87.24
94 	Puerto Rico 	65.44 	20.58 	44.49 	62.01 	58.76 	90.05
95 	United Arab Emirates 	65.74 	70.34 	67.89 	53.55 	63.39 	126.15
96 	Germany 	66.79 	26.66 	48.05 	51.95 	62.83 	136.14
97 	Qatar 	67.98 	70.63 	69.22 	54.85 	72.57 	131.01
98 	Canada 	69.09 	30.88 	51.24 	66.94 	66.75 	118.08
99 	Italy 	69.65 	23.29 	48.01 	57.34 	77.48 	102.59
100 	Austria 	71.79 	28.61 	51.63 	64.87 	70.20 	103.54
101 	United Kingdom 	72.73 	35.06 	55.14 	57.71 	83.61 	109.78
102 	Netherlands 	73.03 	35.60 	55.56 	55.21 	83.59 	120.12
103 	United States 	73.21 	41.52 	58.41 	72.16 	69.20 	130.17
104 	Finland 	74.39 	29.51 	53.44 	62.31 	80.29 	123.42
105 	South Korea 	74.45 	29.06 	53.26 	85.38 	43.67 	108.37
106 	Israel 	75.23 	29.05 	53.67 	61.85 	80.69 	103.82
107 	Belgium 	76.21 	31.74 	55.45 	64.84 	86.29 	99.28
108 	France 	76.89 	27.63 	53.89 	69.39 	76.74 	105.38
109 	Sweden 	77.63 	27.74 	54.34 	67.97 	81.03 	117.26
110 	Hong Kong 	78.20 	82.33 	80.13 	79.45 	54.24 	91.79
111 	Ireland 	78.69 	41.54 	61.34 	63.18 	85.03 	115.49
112 	Australia 	79.73 	44.98 	63.51 	73.76 	78.12 	137.26
113 	Kuwait 	80.05 	38.68 	60.73 	90.80 	46.46 	103.45
114 	Luxembourg 	81.46 	50.49 	67.00 	66.01 	93.38 	144.75
115 	New Zealand 	81.53 	34.93 	59.77 	71.91 	82.18 	108.61
116 	Denmark 	84.38 	34.83 	61.24 	64.35 	101.02 	135.24
117 	Singapore 	87.83 	81.19 	84.73 	76.21 	61.85 	97.99
118 	Japan 	93.03 	33.48 	65.23 	96.70 	53.71 	107.31
119 	Iceland 	99.68 	42.79 	73.12 	89.26 	110.28 	84.37
120 	Norway 	104.26 	41.25 	74.84 	94.20 	118.75 	115.01
121 	Bahamas 	106.32 	38.53 	74.67 	98.91 	97.74 	43.16
122 	Switzerland 	125.67 	59.58 	94.81 	122.56 	123.98 	153.90
123 	Bermuda 	140.31 	107.42 	124.95 	133.66 	140.06 	104.04